1854
344
345
346
347
341
342
343
348
349
6150
6151
6152
6153
6154
6155
6156
6157
6158
6159
6796
6797
6794
6795
6792
6299
6790
6791
6298
6798
6799
296
294
295
292
293
290
291
6583
6582
968
6581
969
272
273
274
276
277
278
279
6584
103
100
101
106
107
104
105
6378
6379
6370
6371
6372
6373
6374
6375
6376
6377
6204
6205
6206
6207
6200
6201
6202
6203
6208
6209
6808
6809
6806
6807
6804
6805
6802
6803
6800
6801
99
98
91
90
93
92
95
94
97
96
559
558
555
554
557
550
1199
1198
1191
1190
1193
1192
1195
1194
1197
1196
1177
1176
1175
6975
1173
6973
1171
1170
1179
6979
1285
1284
1287
1286
1281
1280
1283
1282
879
1289
1288
517
685
684
687
686
681
680
683
623
622
873
1224
627
1222
6572
6573
6570
6571
6576
625
6574
6575
6578
624
400
6793
379
378
371
370
373
372
375
374
377
376
393
392
6141
6140
6147
6146
6145
6144
6149
6148
6781
6780
6783
6782
6784
6787
6786
6789
6788
245
244
247
241
240
243
242
248
179
178
177
176
175
174
173
170
6369
6368
6363
6362
6361
6360
6367
6366
6365
6364
6217
6216
6215
6214
6213
6212
6211
6210
6219
6218
6819
6818
6811
6810
6813
6812
6815
6814
6817
6816
1142
1143
1140
1141
1146
1147
1144
1145
6969
6968
1148
1149
692
693
690
691
696
697
694
695
698
699
542
547
544
548
6569
6568
6565
6564
6567
6566
6561
6560
6563
6562
368
369
366
367
364
365
362
363
360
361
380
381
382
383
385
386
6179
6176
6177
6174
6175
6172
6173
6170
6171
6778
6779
6774
6775
6776
6777
6770
6771
6772
6773
258
259
252
253
250
251
256
254
6688
6689
6680
6681
6682
6683
6684
6686
6687
168
169
164
162
163
6356
6357
6354
6355
6352
6353
6350
6351
6358
6359
6194
6195
6196
6197
6190
6191
6192
6193
6198
6199
6998
6999
6222
6223
6220
6221
6226
6227
6224
6225
6228
6229
6996
6997
670
671
6992
803
802
801
807
806
608
1159
1158
1155
1154
1157
1156
6990
1150
1153
6993
59
58
55
54
57
56
51
50
53
52
537
536
535
533
532
531
530
1081
538
6518
6519
6510
6511
6512
6513
6514
6515
6516
6517
6424
6425
6426
6427
6420
6421
6422
6423
6428
6429
6169
6168
6161
6160
6163
6162
6165
6164
6167
6166
6769
6768
6767
6766
6765
6764
6763
6762
6761
6760
1166
229
228
227
226
225
224
223
222
221
220
6907
6906
6905
6699
6698
6693
6692
6691
6690
6697
6696
6695
6694
150
153
155
6901
157
156
6900
6341
6340
6343
6342
6345
6344
6347
6346
6349
6348
6187
6186
6185
6184
6183
6182
6181
6180
6189
6188
6239
6238
6235
6234
6237
6236
6231
6230
6233
6232
810
811
1128
1129
6989
6988
1120
1121
1122
1123
1124
1125
1126
1127
524
525
526
520
521
522
1017
528
529
1012
1235
1236
1237
1230
1231
1232
1233
6859
1238
1239
6509
6508
6503
6502
6501
6500
6507
6506
6505
6504
6437
6436
6435
6434
6433
6432
6431
6430
6439
6438
6758
6759
6752
6753
6750
6756
6757
6754
6755
239
234
232
233
146
144
145
140
141
149
6248
6249
939
938
933
932
931
6243
937
936
6246
934
829
825
827
826
6976
6977
6974
6972
797
796
795
6970
791
790
6971
799
798
1270
6580
1272
1139
1138
1133
1132
1130
1137
1136
1135
1134
6587
6978
519
518
1009
1005
1004
1003
1002
1001
1000
1227
1226
1225
620
1223
626
1221
1220
629
628
1228
6536
6537
6534
6535
6532
6533
6530
6531
6538
6539
6402
6403
6400
6401
6406
6407
6404
6405
6408
6409
6745
6744
6747
6746
6741
6740
6743
6742
6749
6748
200
205
204
207
206
208
6242
929
6259
6258
6253
6252
6251
6250
6257
6256
6255
6254
830
836
834
6590
6479
6478
6577
784
785
787
780
781
782
783
6591
6579
6592
28
60
61
62
63
64
65
66
67
68
69
6593
1038
1039
506
507
1030
505
1036
503
1034
1035
1212
1213
1210
633
1216
635
1214
637
638
1218
1219
6521
6520
6523
6522
6525
6524
6527
6526
6529
6528
6595
1106
1107
1104
1105
1102
1103
1100
1101
1108
1109
6597
6419
6418
6415
6414
6417
6416
6411
6410
6413
6412
6598
6730
6731
6732
6733
6734
6735
6736
6737
6599
6739
6904
216
217
214
215
212
213
210
211
218
219
6903
6088
6089
6086
6087
6084
6085
6083
6648
6649
6644
6645
6646
6647
6640
6641
6642
6643
6902
6398
6399
6392
6393
6390
6391
6396
6397
6394
6395
6266
6267
6264
6265
6262
6263
6260
6261
6268
6269
919
918
915
914
917
911
913
912
846
844
843
840
849
663
753
752
757
756
755
754
758
6886
1032
6884
6885
6882
6883
6880
1033
504
6888
6889
1025
6143
1027
1031
1021
1020
1023
6142
1029
1028
1037
390
605
604
606
1209
395
603
631
1205
1204
1207
1206
609
1200
1203
1202
1211
634
1217
398
1215
1111
1110
1113
1112
1115
1114
1117
1116
1119
1118
489
488
487
486
485
484
483
482
481
480
6468
6469
6959
6460
6461
6462
6463
6464
6465
6466
6467
6723
6722
6721
6720
6727
6726
6725
6724
6729
6728
6952
6953
6954
6955
6956
6957
6099
6098
6091
6090
6093
6092
6095
6094
6097
6096
6659
6658
6657
6656
6655
6654
6653
6652
6651
6650
199
198
197
191
190
193
192
6385
6384
6387
6386
6381
6380
6383
6382
6389
6388
6271
6270
6273
6272
6275
6274
6277
6276
6279
6278
850
853
859
7001
7000
6891
6890
6893
6892
6895
6894
6897
6896
6899
6898
1050
1051
1052
1053
1054
1055
1056
1057
1058
1059
619
612
1271
610
611
616
617
1276
615
1304
1305
1307
1300
1301
1302
1303
1308
1309
498
499
494
496
497
490
492
493
24
26
27
6473
6472
6471
6470
6477
6476
6475
6474
6718
6719
6716
6717
6714
6715
6712
6713
6710
6711
6668
6669
6662
6663
6660
6661
6666
6667
6664
6665
6288
6289
1087
6287
1086
1085
6738
1084
6282
6594
6283
1082
977
976
975
974
973
972
971
970
6284
6285
6286
1080
6280
6281
979
978
182
183
180
181
186
187
184
185
188
189
6985
6984
6983
6982
6981
6980
869
868
861
860
863
862
883
882
881
880
885
884
775
777
771
770
772
779
778
77
75
6868
6869
6864
6865
6866
6867
6860
6861
79
78
1043
1042
1041
1040
1047
1046
1045
1044
1049
1048
1269
1268
669
668
1263
1262
665
1267
1266
1265
1264
1018
1019
1317
1316
1315
1314
1313
1312
1311
1310
1319
1318
6446
6447
6444
6445
6442
6443
6440
6441
6918
6919
6448
6449
1010
319
313
312
310
317
316
314
6709
6708
6700
6703
6705
6704
6707
6706
6675
6674
6677
6676
6671
6670
6673
6672
6679
6678
632
964
965
966
967
960
961
962
963
6297
6296
6295
6294
6293
6292
6291
6290
6951
878
1240
876
874
872
1243
870
871
1245
1244
1247
1246
1249
1248
769
763
767
764
765
6879
6878
6876
6875
6874
6873
6872
6871
6870
1078
1079
1076
1077
1074
1075
1072
1073
1070
1071
1094
1095
1096
1097
1090
1091
1092
1093
674
675
676
677
1098
1099
672
673
1322
1323
1320
1321
1326
1327
1324
1325
1328
1329
6451
6450
6453
6452
6455
6454
6457
6456
6459
6458
6909
6908
1256
1257
1254
1255
1252
1253
1250
1251
1258
1259
308
309
303
304
305
306
307
6600
6601
6602
6603
6604
6605
6606
6607
6608
6609
6862
6863
6118
6119
6114
6115
6116
6117
6110
6111
6112
6113
959
958
950
957
956
6334
6335
6336
6337
6330
6331
6332
6333
6338
6339
6961
6960
6963
6962
6965
6964
6967
6966
667
666
1261
719
718
717
716
715
714
713
712
662
6848
6849
661
6842
6843
6840
6841
6846
6847
6844
6845
1069
1068
1061
1060
1063
1062
1065
1064
1067
1066
591
590
593
592
1083
594
597
596
599
598
1089
1088
1335
1334
1337
1336
1331
1330
1333
1332
6932
6933
6930
6931
6936
6937
6934
6935
6938
6939
1024
39
38
33
32
30
37
35
34
1241
640
643
1242
645
644
647
646
649
648
338
335
334
337
336
332
1026
6987
6613
6612
6611
6610
6617
6616
6615
6614
6986
6619
6618
6109
6108
6107
6106
6105
6104
6103
6102
6101
6100
6914
948
6915
6916
6917
6910
6911
6912
133
132
131
130
137
135
138
6327
6326
6325
6324
6323
6322
6321
6320
6329
6328
6855
6854
6857
6856
6851
6850
6853
6852
704
705
706
700
701
702
703
88
89
82
83
81
86
87
84
85
586
587
584
585
582
6586
6585
581
6589
6588
588
589
1340
1341
1342
1343
1344
1347
6929
6928
6925
6924
6927
6926
6921
6920
6923
6922
657
655
652
653
651
6628
6629
6626
6627
6624
6625
6622
6623
6620
6621
6994
322
323
320
321
324
325
6995
6138
6139
6887
6132
6133
6130
6131
6136
6137
6134
6135
6881
6004
6002
6003
6001
6991
995
994
997
996
991
990
993
992
999
998
120
121
122
123
124
125
126
127
128
129
1022
6312
6313
6310
6311
6316
6317
6314
6315
6318
6319
6820
6821
6822
6823
6824
6825
6826
6827
6828
6829
6596
6495
579
6178
1165
573
572
571
570
576
575
1167
389
1161
1162
731
737
469
1168
467
466
6498
6958
6240
6488
6489
6241
6950
6483
6480
6481
6486
6487
1273
6485
930
6244
6245
935
6247
1274
1275
6554
6555
6556
6557
6550
6551
6552
6553
6558
6559
6639
6638
6631
6630
6633
6632
6635
6634
6637
6636
357
355
354
353
352
351
350
359
358
6125
6124
6127
6126
6121
6120
6123
6122
6129
6128
289
288
280
282
285
284
287
286
263
262
261
260
266
265
264
988
989
982
983
980
981
986
987
984
985
115
114
117
111
113
112
119
118
6309
6308
6305
6304
6307
6306
6301
6300
6303
6302
6833
6832
6831
6830
6837
6836
6835
6834
6839
6838
569
561
563
564
565
566
6858
1188
1189
1186
1187
1184
1185
1182
1181
727
724
725
722
723
720
721
729
1164
6494
6497
6496
1160
6490
6493
1163
6499
1169
6949
6948
6943
6942
6941
6940
6947
6946
6945
6944
48
49
46
47
44
45
42
43
41
1298
1299
1292
1293
1290
1291
1296
1297
1294
1295
6547
6546
6545
6544
6543
6542
6541
6540
1201
6549
6548
472
473
471
476
477
474
475
478
