5022,680,5013,791,928,5003,5020,998,1343,5004,5006,1259,5024,169,988,2300,391,2302,19,407,5011,1168,1826,5014,5019,321,92,5027,5015,5010,5012,5007,2292,1389,5008,5028,5026,5025,1092,857,1955,222,15,5009,405,224,1409,2120,1352,1129 175,5,153,17,216,142,166,169,135,199,143,177,188,183,140,48,74,217,36,59,126,231,99,232,154,206,85,114,102,108,15,196,186,13,214,57,152,4,2,174,176,182,198,113,138,58,213
1923,239,280,1029,1031,1191,839,861,887,5001,1370,1373,5023,890,992,41,891,985,1624,1371,2314,352,1648,755,1098,1850,1883,1933,1384,1374,1350,1403,1186,163,727,906,883,881,1348,1349,1345,976,2150,216,372,461,1223,297,1475,342,1548,1400,1319,1327,1810,1019,1357,803,1847,1213,1189,1433,133,1018,460 138,5,58,113,17,48,2,198,182,176,174,13,214,152,57,74,196,4,217,108,102,114,85,206,36,232,99,231,126
1923,239,280,1029,1031,1191,839,861,887,1202,1603,232,1932,570,1338,175,954,931,953,340,1937,1394,1846,1436,5021,1837,2299,5005 143,5,177,17,48,140,74,217,36,126,59,231,99,154,206,85,114,102,108,186,15,183,188
5001,803,1357,1019,1810,1327,1319,1400,5017,1167,1751,5029,1342,446,5018,1220,18,2290,406,1782,155,1358,1196,2272,1026,935,1021,835,1921,225,1354,1200,1012,1924,977,262,1181,933,1889,1930,96,968,1369,725,1881,888,61,95,105,204 15,5,17,48,186,74,217,36,126,231,154,99
5022,680,5013,791,928,5003,5025,5026,5028,5008,1389,2292,5007,5012,5010,5015,5027,92,321,5019,5014,1826,1168,5011,407,19,2302,391,2300,988,169,5024,1259,5006,5004,1343,998,5020 1,2,3,301,4,5,13,15,17,36,302,48,57,58,59,74,85,99,102,108,306,113,114,126,135,138,139,307,140,142,143,151,152,153,308,154,166,169,173,174,175,309,176,177,180,181,182,183,186,188,196,198,199,206,212,213,214,216,315,217,316,231,232,
1923,239,1937,1837,2299,5005,5021,1436,1846,1394 142,135,13,232,214,152,57,196,166,169,199
1378,1010,1946,1915,164,217,1177,1263,1224,1001,1364,1876,188,1783,978,1379 36,5,217,74,48,17
1092,857,1955,222,1394,224,1846,1436,2299,5005 151,175,153,213,216,181
340,1202,570,1932,232,1603 142,135,169,199
1092,857,1955,222,15,5009,405,1923,239,280,1029,5001,890,5023,1373,1370 199,140,154,59,186,181,3
1031,1191,839,887,861 166,181,3,135
2120,224,1409,1129,1352 139,173,212,151
953,954,931 166,232,196,57,214,152,135
5005,2299,5021 174,176,182,2,4,198
992,41,1433,891,460,1018,133,985,1624,1371,2314,352,1648,755,1098,1850,1883,1933,1384,1374,1350,1403,1186,163,727,906,883,881,1348,1349,1345,976,2150,216,372,461,1223,297,1475,342,1548,1400,1319,1327,1810,1019,1357,803,1847,1213,1189 3,181
1338,175,5021,1029,280,2299,5005,15 212,213,166,199,232,2,198,13,4
1923,239,1937,1837,953,1031,1191,839 216,142,169,176
2290,406,1782,155,1358,1196,5017,340,446,1342,5029,1751,18,1220,5018 59,232
992,41,1378,1010,978,188,1876,1364,1946,1915,164,217,1177,1263,1224,1001,1783,1379 59,154
1837,954,931 182,176,174
5017,1874 199,5,17,48,74,217,140,126,231,154,206,59,85,114,102,186
1373,1370 169,188,183
340,1837,2299,5005,405,5009,15 173,175,153,213,216,166,174,196
890,5023 142,135
5017,5001 143,177,108
1240,1188,1335,1060,1111,1008,904,905,1621,1868,1720,1639,1367,1405,616,760,1246,731,369,73,34,89,102,40,770,789,2235,2229 5
225,1354,95,1924,1200,1921,835,1021,933,262,977,1012,935,888,1881,1167,1181,968,1369,1026,1889,1930,725,96,61,2272,105,204 232
1366,1077,894,1899,1878,1402,38,76 4
1874 169,188,183,57
1923 175,153
5017 196
1937 174
