2,4,5,13,15,15,17,19,36,48,57,58,59,74,85,92,99,102,108,113,114,126,135,138,140,142,143,152,153,154,166,169,169,174,176,177,182,183,186,188,196,198,199,206,213,214,216,217,222,224,231,232,321,391,405,407,680,791,857,928,988,998,1092,1168,1259,1343,1352,1389,1409,1826,1955,2120,2292,2300,2302,5003,5004,5006,5007,5008,5009,5010,5011,5012,5013,5014,5015,5019,5020,5022,5024,5025,5026,5027,5028,1129 175
2,4,5,13,17,36,41,48,57,58,74,85,99,102,108,113,114,126,133,152,163,174,176,182,196,198,206,214,216,217,231,232,239,280,297,342,352,372,461,727,755,803,839,861,881,883,887,890,891,906,976,985,992,1018,1019,1029,1031,1098,1186,1189,1191,1213,1223,1319,1327,1345,1348,1349,1350,1357,1370,1371,1373,1374,1384,1400,1403,1433,1475,1548,1624,1648,1810,1847,1850,1883,1923,1933,2150,2314,5001,5023,460 138
5,15,17,36,48,59,74,85,99,102,108,114,126,140,154,175,177,183,186,188,206,217,231,232,239,280,340,570,839,861,887,931,953,954,1029,1031,1191,1202,1338,1394,1436,1603,1837,1846,1923,1932,1937,2299,5021,5005 143
5,17,18,36,48,61,74,95,96,99,105,126,154,155,186,217,225,231,262,406,446,725,803,835,888,933,935,968,977,1012,1019,1021,1026,1167,1181,1196,1200,1220,1319,1327,1342,1354,1357,1358,1369,1400,1751,1782,1810,1881,1889,1921,1924,1930,2272,2290,5001,5017,5018,5029,204 15
,2,3,4,5,13,15,17,19,36,48,57,58,59,74,85,92,99,102,108,113,114,126,135,138,139,140,142,143,151,152,153,154,166,169,169,173,174,175,176,177,180,181,182,183,186,188,196,198,199,206,212,213,214,216,217,231,232,301,302,306,307,308,309,315,316,321,391,407,680,791,928,988,998,1168,1259,1343,1389,1826,2292,2300,2302,5003,5004,5006,5007,5008,5010,5011,5012,5013,5014,5015,5019,5022,5024,5025,5026,5027,5028,5020 1
13,57,135,152,166,169,196,199,214,232,239,1436,1837,1846,1923,1937,2299,5005,5021,1394 142
5,17,48,74,164,188,217,217,978,1001,1010,1177,1224,1263,1364,1378,1783,1876,1915,1946,1379 36
153,175,181,213,216,222,224,857,1092,1394,1436,1846,1955,2299,5005 151
135,169,199,232,340,570,1202,1932,1603 142
3,15,59,140,154,181,186,222,239,280,405,857,890,1029,1092,1373,1923,1955,5001,5009,5023,1370 199
3,135,181,839,887,1031,1191,861 166
151,173,212,224,1129,1409,2120,1352 139
57,135,152,196,214,232,953,954,931 166
2,4,176,182,198,2299,5005,5021 174
41,133,163,181,216,297,342,352,372,460,461,727,755,803,881,883,891,906,976,985,992,1018,1019,1098,1186,1213,1223,1319,1327,1345,1348,1349,1350,1357,1371,1374,1384,1400,1403,1433,1475,1548,1624,1648,1810,1847,1850,1883,1933,2150,2314,1189 3
2,4,13,166,175,198,199,213,232,280,1029,1338,2299,5005,5021,15 212
142,169,176,239,953,1031,1191,1837,1923,1937,839 216
18,155,232,340,406,446,1196,1220,1342,1358,1751,1782,2290,5017,5029,5018 59
41,154,164,188,217,978,992,1001,1010,1177,1224,1263,1364,1378,1783,1876,1915,1946,1379 59
174,176,954,1837,931 182
5,17,48,59,74,85,102,114,126,140,154,186,206,217,231,5017,1874 199
183,188,1373,1370 169
153,166,174,175,196,213,216,340,405,1837,2299,5005,5009,15 173
135,890,5023 142
108,177,5017,5001 143
34,40,73,89,102,369,616,731,760,770,789,904,905,1008,1060,1111,1188,1240,1246,1335,1367,1405,1621,1639,1720,1868,2235,2229 5
61,95,96,105,225,262,725,835,888,933,935,968,977,1012,1021,1026,1167,1181,1200,1354,1369,1881,1889,1921,1924,1930,2272,204 232
38,76 4,894,1077,1366,1402,1878,1899
57,183,188,1874 169
153,1923 175
5017 196
1937 174
